fopen example
V	-1.297730 3.825060 0.286950
V	-1.272730 4.358260 0.597507
V	-1.259160 4.238250 0.748190
V	-1.405240 4.012700 0.452596
V	-1.224940 4.116380 0.950944
V	-1.405910 3.935030 0.741068
V	-1.333030 3.910640 0.984993
V	-1.386920 3.629080 0.870684
V	-1.366070 3.545650 0.600424
V	-1.249640 3.558220 0.441093
V	-1.332060 3.716450 1.076090
V	-1.263640 3.879720 1.173660
V	-1.191280 3.993910 1.179140
V	-1.258930 3.750450 1.215380
V	-1.143010 3.354380 0.576030
V	-1.170960 3.951870 1.242010
V	-1.228240 3.866980 1.236880
V	-1.223800 3.774620 1.263700
V	-1.189340 3.358990 1.046890
V	-0.966789 4.502990 0.720997
V	-1.174600 3.862060 1.306250
V	-1.140550 3.900670 1.305370
V	-1.152270 3.693090 1.310240
V	-1.135840 3.766530 1.355070
V	-1.102070 3.245260 0.772634
V	-1.166620 3.644380 1.292720
V	-1.175540 3.813320 1.324280
V	-1.202740 3.540460 1.216890
V	-1.132720 3.857440 1.369760
V	-1.092360 3.847630 1.393600
V	-1.133290 3.838340 1.376350
V	-1.116560 3.871900 1.369380
V	-1.064170 3.870510 1.388100
V	-1.083620 3.809710 1.402480
V	-1.091890 3.877380 1.375710
V	-1.118290 3.816730 1.388690
V	-0.991535 4.366110 0.842963
V	-1.062530 3.982320 1.276720
V	-1.015050 4.210940 1.005060
V	-1.079500 3.919040 1.322020
V	-1.046100 3.834050 1.406230
V	-1.071810 3.748800 1.382230
V	-1.059420 3.816660 1.407660
V	-1.047700 3.853430 1.399430
V	-1.053690 4.037380 1.222350
V	-1.015550 3.765510 1.392390
V	-1.021170 3.909190 1.347580
V	-1.051470 3.671240 1.356180
V	-0.980913 3.867820 1.374810
V	-0.981774 3.813840 1.389120
V	-1.013820 3.271840 0.693188
V	-1.039260 3.621530 1.350130
V	-0.950508 3.708040 1.370600
V	-0.964843 3.967520 1.310250
V	-0.988680 3.486560 1.320620
V	-0.851006 3.234100 0.800139
V	-0.858460 3.281720 1.196440
V	-0.702342 3.234680 1.004780
V	-0.885440 3.795950 1.368800
V	-0.892359 3.898230 1.346250
V	-0.640858 3.272680 0.910263
V	-0.904050 3.676020 1.363480
V	-0.918968 4.018110 1.270250
V	-0.823389 3.792570 1.349410
V	-0.835096 3.928110 1.313840
V	-0.570747 4.490720 0.803236
V	-0.788508 4.192530 1.096160
V	-0.750939 3.612810 1.331770
V	-0.635811 3.842540 1.266840
V	-0.663496 4.068120 1.173760
V	-0.675093 4.354200 0.941790
V	-0.523946 3.525780 1.210500
V	-0.335980 3.516960 1.030850
V	-0.426730 3.878770 1.116640
V	-0.493174 4.186910 1.019430
V	-0.233886 3.938660 0.931962
V	-0.310050 4.313030 0.836524
V	-1.358960 4.071390 0.274519
V	-1.315420 3.940710 0.218224
V	-0.193757 3.756450 0.914017
V	-0.172213 4.195840 0.791253
V	-0.162129 3.982630 0.854479
V	-0.342374 3.702560 1.079210
V	-0.255048 3.720530 0.988848
V	-0.410958 3.411060 0.972292
V	-0.274299 3.553760 0.957432
V	-0.584857 3.343850 1.130280
V	-0.498703 3.355920 1.040440
V	-0.599061 3.288120 0.953818
V	-0.540342 3.323970 0.967964
V	-0.539238 4.005540 1.147490
V	-0.344556 4.092340 0.972381
V	-0.444222 4.045460 1.065520
V	-0.638512 4.220550 1.056690
V	-0.578130 4.129810 1.098430
V	-0.736570 3.907710 1.285760
V	-0.634916 3.962870 1.220240
V	-0.561440 3.709300 1.247580
V	-0.530715 3.860970 1.198870
V	-0.490595 4.359000 0.900229
V	-0.566974 4.290170 0.980783
V	-0.858742 4.301170 0.965422
V	-0.729133 4.277700 1.014840
V	-0.798005 4.054790 1.222290
V	-0.712944 4.144100 1.134890
V	-0.795282 4.447910 0.830115
V	-0.827004 4.377920 0.894676
V	-1.133000 4.254700 0.870133
V	-1.001860 4.292870 0.914998
V	-0.942036 4.117240 1.156560
V	-0.895439 4.215120 1.050130
V	-1.077160 3.384600 1.218470
V	-0.980452 3.230950 1.019670
V	-1.034660 3.284530 1.132520
V	-0.773147 3.446710 1.291050
V	-0.929829 3.377490 1.270970
V	-1.109250 3.570860 1.311160
V	-1.103500 3.492820 1.277890
V	-1.302690 3.554690 1.063060
V	-1.204870 3.449770 1.145270
V	-0.674608 3.374290 1.220820
V	-0.639541 3.566050 1.282130
V	-0.928156 3.595310 1.357020
V	-0.863365 3.530560 1.337590
V	-0.447313 3.699740 1.170370
V	-0.777382 3.725900 1.341240
V	-0.674786 3.721330 1.306100
V	-1.325020 4.057860 0.841907
V	-1.243580 4.178930 0.842033
V	-1.127530 4.094500 1.092980
V	-1.128660 4.179090 0.969229
V	-1.139190 4.387800 0.723832
V	-1.137520 4.323530 0.790173
V	-1.388740 3.796810 0.916056
V	-1.365650 3.677620 0.982953
V	-1.306470 3.815170 1.118070
V	-1.347740 3.811360 1.023460
V	-1.374390 3.920740 0.867374
V	-1.426740 3.767220 0.653229
V	-1.418670 3.779450 0.793453
V	-1.293580 3.416430 0.822147
V	-1.308610 3.481390 0.957389
V	-1.250040 3.663280 1.209440
V	-1.281330 3.620580 1.145100
V	-1.361080 4.146990 0.621246
V	-1.350690 4.098360 0.728901
V	-1.261830 3.977690 1.076960
V	-1.292580 4.019600 0.958511
V	-1.294530 3.894900 1.092310
V	-1.221490 3.924760 1.213270
V	-1.236800 3.942590 1.170730
V	-1.206720 4.049050 1.075890
V	-1.185840 3.603330 1.265080
V	-1.205380 3.709600 1.272350
V	-1.220740 3.690420 1.252920
V	-1.293140 3.738100 1.156390
V	-1.251920 3.816080 1.224400
V	-1.272130 3.814620 1.188760
V	-1.123570 3.992360 1.241350
V	-1.126780 4.024420 1.198110
V	-1.035540 4.116430 1.121950
V	-0.740937 3.815060 1.317210
V	-0.888259 3.735500 1.367130
V	-0.853712 3.728720 1.359430
V	-0.841317 3.649540 1.355350
V	-0.987321 3.663170 1.363100
V	-0.968985 3.639870 1.361470
V	-1.022570 3.567600 1.343270
V	-1.103900 3.650450 1.330810
V	-1.105630 3.622230 1.326170
V	-1.000570 4.000170 1.282120
V	-0.982442 4.036070 1.246600
V	-0.858894 4.096750 1.191700
V	-0.902111 3.951560 1.319970
V	-0.869219 3.981110 1.292720
V	-0.757764 3.991680 1.252320
V	-0.855014 3.848270 1.352830
V	-0.818502 3.862150 1.333480
V	-1.015460 3.841660 1.395900
V	-0.925550 3.844820 1.370900
V	-0.976394 3.841330 1.383590
V	-1.029120 3.874240 1.380660
V	-1.018570 3.858500 1.389640
V	-1.063330 3.845280 1.403190
V	-1.044010 3.843680 1.403780
V	-1.027360 3.807530 1.402330
V	-1.018740 3.824430 1.399960
V	-0.958242 3.915930 1.343710
V	-0.997161 3.891430 1.361980
V	-1.065270 3.893540 1.360140
V	-1.045290 3.886660 1.370360
V	-1.069300 3.856490 1.397540
V	-1.053400 3.863030 1.394320
V	-1.029150 3.950530 1.311380
V	-1.048990 3.918100 1.334070
V	-1.108510 3.891430 1.344600
V	-1.087020 3.895070 1.351170
V	-1.084090 3.864640 1.389790
V	-1.077230 3.876010 1.381440
V	-1.103850 3.786240 1.386080
V	-1.104330 3.712340 1.351010
V	-1.104820 3.753440 1.370140
V	-1.057700 3.785450 1.400320
V	-1.078770 3.782970 1.394990
V	-1.099000 3.825950 1.398120
V	-1.101780 3.810490 1.396250
V	-1.143750 3.810550 1.363960
V	-1.127360 3.795380 1.375190
V	-1.019480 3.715450 1.376750
V	-1.041570 3.752760 1.389360
V	-1.040590 3.793640 1.402590
V	-1.078150 3.826570 1.404820
V	-1.069390 3.810920 1.406520
V	-0.951471 3.765970 1.381110
V	-0.995220 3.787220 1.392180
V	-1.066700 3.834270 1.405860
V	-1.050360 3.824130 1.408060
V	-1.142340 3.873110 1.339820
V	-1.127640 3.883740 1.340720
V	-1.101350 3.865770 1.383570
V	-1.105300 3.876610 1.371340
V	-1.115240 3.943770 1.282130
V	-1.111610 3.912910 1.311990
V	-1.155700 3.844870 1.346480
V	-1.153150 3.828210 1.353880
V	-1.120060 3.849340 1.383730
V	-1.135810 3.848540 1.371970
V	-1.151920 3.860000 1.341780
V	-1.208230 3.829160 1.278320
V	-1.179820 3.838390 1.313270
V	-1.178160 3.758150 1.310310
V	-1.160150 3.787930 1.339000
V	-1.116350 3.835740 1.389210
V	-1.129100 3.826360 1.381810
V	-1.185170 3.898220 1.266940
V	-1.161530 3.883270 1.303530
V	-1.114500 3.859580 1.381820
V	-1.126910 3.865850 1.368390
V	-0.250474 4.143390 0.877733
V	-0.400139 4.249540 0.929924
V	-0.324937 3.904350 1.023510
V	-0.357220 4.489810 0.739847
V	-0.417852 4.425920 0.818696
V	-0.620713 4.424020 0.871044
V	-0.739991 4.587610 0.709101
V	-0.765602 4.516140 0.769128
V	-0.979656 4.434540 0.780144
V	-0.831201 3.222700 0.874518
V	-0.913108 3.213710 0.920222
V	-0.787015 3.240620 1.099160
V	-1.153270 3.295870 0.918442
V	-0.420978 3.508530 1.120980
V	-1.136650 4.521120 0.601442
V	-1.138680 4.452130 0.663469
V	-1.268220 4.295880 0.668445
V	-1.347490 3.730520 0.425322
V	-1.405490 3.753210 0.521736
V	-1.388890 3.578330 0.733002
V	-1.414880 3.963360 0.607690
V	-1.236110 3.410250 0.581181
V	-1.266450 3.384500 0.686892
V	-1.352830 4.318100 0.442523
V	-1.360390 4.216110 0.524076
V	-0.869652 3.905040 1.338100
V	-0.879549 3.848380 1.359930
V	-0.860461 3.789130 1.362920
V	-0.947409 3.984410 1.300600
V	-0.923009 3.938910 1.328750
V	-1.059860 4.001820 1.262920
V	-1.011200 3.981130 1.293570
V	-1.046510 3.649250 1.352370
V	-1.103620 3.674240 1.335580
V	-1.157520 3.669610 1.302700
V	-0.932510 3.691990 1.366760
V	-0.998904 3.682570 1.366610
V	-0.910890 3.747500 1.371850
V	-1.181010 3.967950 1.222960
V	-1.119260 3.973690 1.257700
V	-1.239500 3.761420 1.244620
V	-1.234440 3.820590 1.246940
V	-1.245100 3.871300 1.213380
V	-1.194380 3.729340 1.285540
V	-1.207190 3.913530 1.235150
V	-1.202390 3.864140 1.269560
V	-1.156230 3.926420 1.270970
V	-1.144600 3.728920 1.330560
V	-1.200790 3.793690 1.292240
V	-1.070210 3.951430 1.296810
V	-0.931609 3.804270 1.378140
V	-0.981854 3.734760 1.380440
V	-1.061310 3.707990 1.367710
V	-0.991895 3.939290 1.326730
V	-0.934144 3.883440 1.359410
V	-1.074470 3.832060 1.404210
V	-1.087820 3.828220 1.401200
V	-1.107740 3.831810 1.393340
V	-1.115640 3.843700 1.387020
V	-1.115330 3.853810 1.383790
V	-1.106330 3.861460 1.383700
V	-1.093190 3.863820 1.387060
V	-1.077770 3.859550 1.393840
V	-1.068900 3.850550 1.399720
V	-1.067450 3.840750 1.403500
V	-0.699303 3.241170 0.940894
V	-0.537411 3.327090 0.926617
V	-0.992224 3.238520 0.748529
V	-0.945319 3.224530 0.796469
V	-0.749544 3.242180 0.861532
V	-0.932779 3.246990 0.745801
V	-1.098360 3.285020 0.666708
V	-1.057270 3.254290 0.716291
V	-1.081240 3.305530 0.632310
V	-1.152690 3.317920 0.641314
V	-1.312940 3.551340 0.503465
V	-1.201770 3.442200 0.512090
V	-1.278720 3.691700 0.363643
V	-0.529947 4.557890 0.738993
V	-0.953506 4.576260 0.659981
V	-0.233934 4.372690 0.745866
V	-1.274670 4.431840 0.530089
V	-1.378480 4.193440 0.352686
V	-1.357060 3.914850 0.348444
VT	0.413374 0.500862 0.500000
VT	0.416098 0.496710 0.500000
VT	0.492759 0.486280 0.500000
VT	0.490075 0.480989 0.500000
VT	0.495444 0.491571 0.500000
VT	0.494194 0.491106 0.500000
VT	0.491119 0.486394 0.500000
VT	0.488044 0.481681 0.500000
VT	0.480542 0.478767 0.500000
VT	0.471009 0.476544 0.500000
VT	0.476366 0.479336 0.500000
VT	0.464689 0.476991 0.500000
VT	0.487180 0.489236 0.500000
VT	0.487024 0.496973 0.500000
VT	0.484281 0.495702 0.500000
VT	0.484331 0.489086 0.500000
VT	0.486867 0.504710 0.500000
VT	0.484231 0.502317 0.500000
VT	0.481595 0.499925 0.500000
VT	0.481539 0.494430 0.500000
VT	0.481482 0.488936 0.500000
VT	0.482795 0.509099 0.500000
VT	0.480185 0.505510 0.500000
VT	0.478722 0.513487 0.500000
VT	0.476138 0.508702 0.500000
VT	0.473554 0.503917 0.500000
VT	0.477574 0.501921 0.500000
VT	0.468386 0.514512 0.500000
VT	0.467686 0.510059 0.500000
VT	0.458049 0.515538 0.500000
VT	0.459233 0.511416 0.500000
VT	0.460418 0.507295 0.500000
VT	0.466986 0.505606 0.500000
VT	0.449889 0.481257 0.500000
VT	0.456109 0.480341 0.500000
VT	0.456220 0.481899 0.500000
VT	0.451037 0.483108 0.500000
VT	0.462328 0.479425 0.500000
VT	0.461403 0.480690 0.500000
VT	0.460479 0.481954 0.500000
VT	0.456332 0.483457 0.500000
VT	0.452185 0.484960 0.500000
VT	0.471940 0.481261 0.500000
VT	0.469494 0.482190 0.500000
VT	0.481552 0.483096 0.500000
VT	0.477585 0.483691 0.500000
VT	0.473618 0.484286 0.500000
VT	0.467048 0.483120 0.500000
VT	0.484366 0.486166 0.500000
VT	0.480958 0.486389 0.500000
VT	0.477550 0.486611 0.500000
VT	0.438959 0.514051 0.500000
VT	0.441115 0.509073 0.500000
VT	0.450174 0.510245 0.500000
VT	0.448504 0.514794 0.500000
VT	0.443271 0.504095 0.500000
VT	0.451845 0.505695 0.500000
VT	0.442470 0.488559 0.500000
VT	0.443846 0.489359 0.500000
VT	0.441894 0.494277 0.500000
VT	0.439927 0.494783 0.500000
VT	0.445222 0.490159 0.500000
VT	0.443861 0.493771 0.500000
VT	0.442500 0.497384 0.500000
VT	0.439941 0.499196 0.500000
VT	0.437383 0.501007 0.500000
VT	0.446180 0.484908 0.500000
VT	0.447442 0.486234 0.500000
VT	0.448703 0.487559 0.500000
VT	0.438171 0.507529 0.500000
VT	0.440528 0.504134 0.500000
VT	0.442886 0.500740 0.500000
VT	0.448483 0.497661 0.500000
VT	0.449202 0.500100 0.500000
VT	0.447764 0.495223 0.500000
VT	0.453027 0.493061 0.500000
VT	0.454080 0.494583 0.500000
VT	0.455132 0.496105 0.500000
VT	0.451026 0.488296 0.500000
VT	0.448862 0.490467 0.500000
VT	0.453190 0.486124 0.500000
VT	0.454195 0.487288 0.500000
VT	0.453349 0.489032 0.500000
VT	0.452502 0.490776 0.500000
VT	0.448313 0.492845 0.500000
VT	0.452765 0.491919 0.500000
VT	0.454950 0.501172 0.500000
VT	0.458056 0.496648 0.500000
VT	0.460980 0.497192 0.500000
VT	0.460699 0.502244 0.500000
VT	0.471414 0.487014 0.500000
VT	0.468609 0.485093 0.500000
VT	0.474219 0.488936 0.500000
VT	0.466956 0.488935 0.500000
VT	0.465278 0.487417 0.500000
VT	0.463600 0.485899 0.500000
VT	0.464149 0.484057 0.500000
VT	0.459689 0.483022 0.500000
VT	0.461250 0.484995 0.500000
VT	0.458900 0.484090 0.500000
VT	0.456440 0.484573 0.500000
VT	0.456547 0.485689 0.500000
VT	0.464786 0.501185 0.500000
VT	0.468874 0.500127 0.500000
VT	0.462586 0.496764 0.500000
VT	0.464193 0.496337 0.500000
VT	0.471500 0.498292 0.500000
VT	0.474126 0.496457 0.500000
VT	0.465424 0.494662 0.500000
VT	0.466656 0.492988 0.500000
VT	0.474172 0.492696 0.500000
VT	0.466806 0.490961 0.500000
VT	0.463423 0.490336 0.500000
VT	0.463391 0.491245 0.500000
VT	0.462634 0.491139 0.500000
VT	0.462686 0.490523 0.500000
VT	0.463359 0.492154 0.500000
VT	0.462582 0.491755 0.500000
VT	0.461805 0.491356 0.500000
VT	0.461877 0.491032 0.500000
VT	0.461949 0.490709 0.500000
VT	0.462950 0.492714 0.500000
VT	0.462286 0.492193 0.500000
VT	0.462540 0.493274 0.500000
VT	0.461990 0.492631 0.500000
VT	0.461439 0.491988 0.500000
VT	0.461622 0.491672 0.500000
VT	0.461744 0.493490 0.500000
VT	0.461392 0.492771 0.500000
VT	0.460949 0.493705 0.500000
VT	0.460794 0.492912 0.500000
VT	0.460639 0.492118 0.500000
VT	0.461039 0.492053 0.500000
VT	0.457146 0.488907 0.500000
VT	0.458427 0.488339 0.500000
VT	0.459001 0.488911 0.500000
VT	0.458082 0.489262 0.500000
VT	0.459709 0.487770 0.500000
VT	0.459919 0.488561 0.500000
VT	0.460129 0.489352 0.500000
VT	0.459574 0.489484 0.500000
VT	0.459019 0.489617 0.500000
VT	0.460806 0.488289 0.500000
VT	0.460737 0.488926 0.500000
VT	0.461904 0.488808 0.500000
VT	0.461555 0.489291 0.500000
VT	0.461207 0.489773 0.500000
VT	0.460668 0.489563 0.500000
VT	0.462664 0.489572 0.500000
VT	0.462121 0.489906 0.500000
VT	0.461578 0.490241 0.500000
VT	0.458586 0.493418 0.500000
VT	0.459174 0.492761 0.500000
VT	0.459984 0.492836 0.500000
VT	0.459768 0.493562 0.500000
VT	0.459762 0.492103 0.500000
VT	0.460200 0.492110 0.500000
VT	0.456787 0.490708 0.500000
VT	0.457658 0.490601 0.500000
VT	0.457844 0.491147 0.500000
VT	0.457039 0.491359 0.500000
VT	0.458529 0.490495 0.500000
VT	0.458648 0.490934 0.500000
VT	0.458767 0.491374 0.500000
VT	0.458030 0.491692 0.500000
VT	0.457292 0.492010 0.500000
VT	0.456966 0.489807 0.500000
VT	0.457870 0.489932 0.500000
VT	0.458774 0.490056 0.500000
VT	0.457939 0.492714 0.500000
VT	0.458602 0.492226 0.500000
VT	0.459265 0.491738 0.500000
VT	0.493713 0.500157 0.500000
VT	0.490368 0.498565 0.500000
VT	0.490687 0.490171 0.500000
VT	0.493233 0.509208 0.500000
VT	0.490050 0.506959 0.500000
VT	0.489253 0.516232 0.500000
VT	0.486024 0.512665 0.500000
VT	0.485274 0.523255 0.500000
VT	0.481998 0.518371 0.500000
VT	0.470077 0.524363 0.500000
VT	0.469231 0.519437 0.500000
VT	0.454880 0.525470 0.500000
VT	0.456464 0.520504 0.500000
VT	0.447957 0.477601 0.500000
VT	0.456323 0.477296 0.500000
VT	0.456216 0.478818 0.500000
VT	0.448923 0.479429 0.500000
VT	0.463508 0.478208 0.500000
VT	0.474153 0.480298 0.500000
VT	0.484798 0.482388 0.500000
VT	0.487743 0.486280 0.500000
VT	0.444515 0.524053 0.500000
VT	0.446509 0.519424 0.500000
VT	0.434150 0.522636 0.500000
VT	0.436554 0.518344 0.500000
VT	0.427695 0.499916 0.500000
VT	0.431615 0.493212 0.500000
VT	0.435771 0.493997 0.500000
VT	0.432539 0.500462 0.500000
VT	0.435535 0.486507 0.500000
VT	0.439003 0.487533 0.500000
VT	0.441746 0.482054 0.500000
VT	0.443963 0.483481 0.500000
VT	0.430923 0.511276 0.500000
VT	0.434547 0.509403 0.500000
VT	0.466367 0.490992 0.500000
VT	0.466455 0.489131 0.500000
VT	0.466278 0.492853 0.500000
VT	0.465900 0.492717 0.500000
VT	0.465927 0.491022 0.500000
VT	0.465955 0.489327 0.500000
VT	0.465154 0.494341 0.500000
VT	0.464030 0.495829 0.500000
VT	0.463867 0.495320 0.500000
VT	0.464884 0.494018 0.500000
VT	0.462514 0.496255 0.500000
VT	0.460999 0.496682 0.500000
VT	0.461017 0.496171 0.500000
VT	0.462442 0.495745 0.500000
VT	0.456833 0.486216 0.500000
VT	0.454685 0.487679 0.500000
VT	0.458981 0.484753 0.500000
VT	0.459062 0.485416 0.500000
VT	0.457119 0.486743 0.500000
VT	0.455175 0.488070 0.500000
VT	0.461183 0.485554 0.500000
VT	0.463385 0.486354 0.500000
VT	0.463170 0.486809 0.500000
VT	0.461116 0.486112 0.500000
VT	0.464920 0.487742 0.500000
VT	0.464562 0.488068 0.500000
VT	0.458242 0.496242 0.500000
VT	0.455485 0.495803 0.500000
VT	0.455838 0.495501 0.500000
VT	0.458427 0.495836 0.500000
VT	0.453385 0.492103 0.500000
VT	0.453687 0.493136 0.500000
VT	0.453084 0.491070 0.500000
VT	0.453665 0.491364 0.500000
VT	0.454005 0.492288 0.500000
VT	0.454346 0.493211 0.500000
VT	0.453884 0.489375 0.500000
VT	0.454420 0.489717 0.500000
VT	0.454586 0.494470 0.500000
VT	0.455092 0.494356 0.500000
VT	0.456515 0.493535 0.500000
VT	0.457212 0.494460 0.500000
VT	0.455819 0.492611 0.500000
VT	0.455693 0.489762 0.500000
VT	0.455226 0.491036 0.500000
VT	0.456160 0.488488 0.500000
VT	0.455522 0.491823 0.500000
VT	0.459098 0.494699 0.500000
VT	0.460983 0.494938 0.500000
VT	0.463613 0.488820 0.500000
VT	0.462537 0.487808 0.500000
VT	0.464689 0.489832 0.500000
VT	0.460961 0.487201 0.500000
VT	0.459386 0.486593 0.500000
VT	0.457773 0.487541 0.500000
VT	0.462093 0.494617 0.500000
VT	0.463203 0.494297 0.500000
VT	0.463917 0.493366 0.500000
VT	0.464630 0.492436 0.500000
VT	0.464659 0.491134 0.500000
VT	0.460734 0.490209 0.500000
VT	0.460533 0.489923 0.500000
VT	0.460262 0.490645 0.500000
VT	0.460195 0.489998 0.500000
VT	0.459803 0.489871 0.500000
VT	0.459641 0.490131 0.500000
VT	0.459270 0.490252 0.500000
VT	0.459395 0.490570 0.500000
VT	0.459186 0.490838 0.500000
VT	0.459514 0.491009 0.500000
VT	0.459597 0.491374 0.500000
VT	0.460012 0.491374 0.500000
VT	0.460221 0.491622 0.500000
VT	0.460451 0.491381 0.500000
VT	0.460780 0.491584 0.500000
VT	0.460851 0.491316 0.500000
VT	0.461169 0.491330 0.500000
VT	0.461033 0.491000 0.500000
VT	0.461339 0.490903 0.500000
VT	0.461105 0.490677 0.500000
VT	0.461139 0.490376 0.500000
VT	0.469155 0.475680 0.500000
VT	0.471388 0.475024 0.500000
VT	0.465068 0.475470 0.500000
VT	0.465448 0.473950 0.500000
VT	0.452282 0.475340 0.500000
VT	0.458676 0.475405 0.500000
VT	0.456608 0.473078 0.500000
VT	0.461028 0.473514 0.500000
VT	0.446759 0.475081 0.500000
VT	0.451683 0.474079 0.500000
VT	0.450441 0.475253 0.500000
VT	0.447358 0.476341 0.500000
VT	0.442182 0.475763 0.500000
VT	0.437605 0.476445 0.500000
VT	0.444107 0.476376 0.500000
VT	0.442781 0.477023 0.500000
VT	0.431428 0.484494 0.500000
VT	0.437105 0.480758 0.500000
VT	0.427322 0.482481 0.500000
VT	0.432463 0.479463 0.500000
VT	0.421710 0.489596 0.500000
VT	0.470182 0.528717 0.500000
VT	0.453585 0.529065 0.500000
VT	0.486780 0.528370 0.500000
VT	0.491044 0.519426 0.500000
VT	0.495309 0.510481 0.500000
VT	0.495376 0.501026 0.500000
VT	0.442849 0.527356 0.500000
VT	0.432112 0.525648 0.500000
VT	0.427637 0.517134 0.500000
VT	0.423163 0.508619 0.500000
VT	0.418269 0.504740 0.500000
VT	0.421897 0.498313 0.500000
VT	0.426663 0.491404 0.500000
VN	0.664732 0.182924 0.724341
VN	0.734788 -0.027750 0.677729
VN	0.753809 -0.049811 0.655203
VN	0.657862 0.171631 0.733322
VN	0.739126 -0.424076 0.523309
VN	0.793106 -0.435332 0.425991
VN	0.753809 -0.049811 0.655203
VN	0.734788 -0.027750 0.677729
VN	0.739126 -0.424076 0.523309
VN	0.567233 -0.755844 0.327026
VN	0.639564 -0.749880 0.169230
VN	0.793106 -0.435332 0.425991
VN	0.325109 -0.940773 0.096177
VN	0.526183 -0.850043 0.023650
VN	0.639564 -0.749880 0.169230
VN	0.567233 -0.755844 0.327026
VN	0.603272 0.226878 0.764584
VN	0.524527 0.355708 0.773527
VN	0.469710 0.372382 0.800440
VN	0.542264 0.221673 0.810439
VN	0.410931 0.479442 0.775417
VN	0.365221 0.497647 0.786741
VN	0.469710 0.372382 0.800440
VN	0.524527 0.355708 0.773527
VN	0.299036 0.511327 0.805681
VN	0.379476 0.393032 0.837570
VN	0.469710 0.372382 0.800440
VN	0.365221 0.497647 0.786741
VN	0.435175 0.233017 0.869670
VN	0.542264 0.221673 0.810439
VN	0.469710 0.372382 0.800440
VN	0.379476 0.393032 0.837570
VN	0.410931 0.479442 0.775417
VN	0.238428 0.601352 0.762580
VN	0.197066 0.611864 0.766021
VN	0.365221 0.497647 0.786741
VN	0.010555 0.697157 0.716841
VN	-0.018232 0.697082 0.716759
VN	0.197066 0.611864 0.766021
VN	0.238428 0.601352 0.762580
VN	-0.036279 0.711121 0.702133
VN	0.151937 0.623708 0.766749
VN	0.197066 0.611864 0.766021
VN	-0.018232 0.697082 0.716759
VN	0.299036 0.511327 0.805681
VN	0.365221 0.497647 0.786741
VN	0.197066 0.611864 0.766021
VN	0.151937 0.623708 0.766749
VN	0.010555 0.697157 0.716841
VN	-0.179207 0.712190 0.678727
VN	-0.189376 0.722814 0.664588
VN	-0.018232 0.697082 0.716759
VN	-0.341558 0.675146 0.653847
VN	-0.332416 0.703390 0.628285
VN	-0.189376 0.722814 0.664588
VN	-0.179207 0.712190 0.678727
VN	-0.319568 0.744003 0.586801
VN	-0.192239 0.747877 0.635393
VN	-0.189376 0.722814 0.664588
VN	-0.332416 0.703390 0.628285
VN	-0.036279 0.711121 0.702133
VN	-0.018232 0.697082 0.716759
VN	-0.189376 0.722814 0.664588
VN	-0.192239 0.747877 0.635393
VN	-0.677192 -0.668154 0.308191
VN	-0.387856 -0.806099 0.446960
VN	-0.452994 -0.601905 0.657653
VN	-0.707217 -0.504961 0.494832
VN	0.024569 -0.780719 0.624400
VN	-0.102282 -0.559180 0.822713
VN	-0.452994 -0.601905 0.657653
VN	-0.387856 -0.806099 0.446960
VN	-0.171824 -0.407937 0.896696
VN	-0.479100 -0.448559 0.754492
VN	-0.452994 -0.601905 0.657653
VN	-0.102282 -0.559180 0.822713
VN	-0.708322 -0.366399 0.603350
VN	-0.707217 -0.504961 0.494832
VN	-0.452994 -0.601905 0.657653
VN	-0.479100 -0.448559 0.754492
VN	0.024569 -0.780719 0.624400
VN	0.361406 -0.546507 0.755457
VN	0.216930 -0.404054 0.888640
VN	-0.102282 -0.559180 0.822713
VN	0.535311 -0.245965 0.808049
VN	0.402232 -0.188128 0.896001
VN	0.216930 -0.404054 0.888640
VN	0.361406 -0.546507 0.755457
VN	0.280758 -0.127297 0.951299
VN	0.111886 -0.297339 0.948193
VN	0.216930 -0.404054 0.888640
VN	0.402232 -0.188128 0.896001
VN	-0.171824 -0.407937 0.896696
VN	-0.102282 -0.559180 0.822713
VN	0.216930 -0.404054 0.888640
VN	0.111886 -0.297339 0.948193
VN	0.535311 -0.245965 0.808049
VN	0.605710 0.045196 0.794401
VN	0.510912 0.046907 0.858352
VN	0.402232 -0.188128 0.896001
VN	0.603272 0.226878 0.764584
VN	0.542264 0.221673 0.810439
VN	0.510912 0.046907 0.858352
VN	0.605710 0.045196 0.794401
VN	0.435175 0.233017 0.869670
VN	0.396394 0.064886 0.915785
VN	0.510912 0.046907 0.858352
VN	0.542264 0.221673 0.810439
VN	0.280758 -0.127297 0.951299
VN	0.402232 -0.188128 0.896001
VN	0.510912 0.046907 0.858352
VN	0.396394 0.064886 0.915785
VN	-0.701304 0.540890 0.464340
VN	-0.669628 0.581235 0.462347
VN	-0.490409 0.675617 0.550491
VN	-0.515411 0.642361 0.567206
VN	-0.640677 0.623331 0.448321
VN	-0.464727 0.715887 0.521089
VN	-0.490409 0.675617 0.550491
VN	-0.669628 0.581235 0.462347
VN	-0.319568 0.744003 0.586801
VN	-0.332416 0.703390 0.628285
VN	-0.490409 0.675617 0.550491
VN	-0.464727 0.715887 0.521089
VN	-0.341558 0.675146 0.653847
VN	-0.515411 0.642361 0.567206
VN	-0.490409 0.675617 0.550491
VN	-0.332416 0.703390 0.628285
VN	-0.951651 -0.240203 0.191475
VN	-0.938157 -0.139345 0.316929
VN	-0.952469 0.092512 0.290250
VN	-0.986531 0.004344 0.163514
VN	-0.912751 -0.052941 0.405072
VN	-0.917129 0.162444 0.363986
VN	-0.952469 0.092512 0.290250
VN	-0.938157 -0.139345 0.316929
VN	-0.874966 0.334820 0.349757
VN	-0.908711 0.290144 0.300102
VN	-0.952469 0.092512 0.290250
VN	-0.917129 0.162444 0.363986
VN	-0.954057 0.234060 0.187058
VN	-0.986531 0.004344 0.163514
VN	-0.952469 0.092512 0.290250
VN	-0.908711 0.290144 0.300102
VN	-0.951651 -0.240203 0.191475
VN	-0.850788 -0.471201 0.232657
VN	-0.856226 -0.343109 0.386204
VN	-0.938157 -0.139345 0.316929
VN	-0.677192 -0.668154 0.308191
VN	-0.707217 -0.504961 0.494832
VN	-0.856226 -0.343109 0.386204
VN	-0.850788 -0.471201 0.232657
VN	-0.708322 -0.366399 0.603350
VN	-0.844046 -0.230488 0.484212
VN	-0.856226 -0.343109 0.386204
VN	-0.707217 -0.504961 0.494832
VN	-0.912751 -0.052941 0.405072
VN	-0.938157 -0.139345 0.316929
VN	-0.856226 -0.343109 0.386204
VN	-0.844046 -0.230488 0.484212
VN	-0.701304 0.540890 0.464340
VN	-0.863692 0.395879 0.311956
VN	-0.823863 0.433352 0.365317
VN	-0.669628 0.581235 0.462347
VN	-0.954057 0.234060 0.187058
VN	-0.908711 0.290144 0.300102
VN	-0.823863 0.433352 0.365317
VN	-0.863692 0.395879 0.311956
VN	-0.874966 0.334820 0.349757
VN	-0.792666 0.473194 0.384405
VN	-0.823863 0.433352 0.365317
VN	-0.908711 0.290144 0.300102
VN	-0.640677 0.623331 0.448321
VN	-0.669628 0.581235 0.462347
VN	-0.823863 0.433352 0.365317
VN	-0.792666 0.473194 0.384405
VN	-0.640677 0.623331 0.448321
VN	-0.792666 0.473194 0.384405
VN	-0.787604 0.475041 0.392448
VN	-0.626490 0.644568 0.438227
VN	-0.874966 0.334820 0.349757
VN	-0.872297 0.314862 0.374113
VN	-0.787604 0.475041 0.392448
VN	-0.792666 0.473194 0.384405
VN	-0.858374 0.293158 0.421013
VN	-0.770007 0.465021 0.436857
VN	-0.787604 0.475041 0.392448
VN	-0.872297 0.314862 0.374113
VN	-0.601381 0.641621 0.476092
VN	-0.626490 0.644568 0.438227
VN	-0.787604 0.475041 0.392448
VN	-0.770007 0.465021 0.436857
VN	-0.912751 -0.052941 0.405072
VN	-0.844046 -0.230488 0.484212
VN	-0.795512 -0.186753 0.576441
VN	-0.876507 -0.056319 0.478084
VN	-0.708322 -0.366399 0.603350
VN	-0.655430 -0.268365 0.705969
VN	-0.795512 -0.186753 0.576441
VN	-0.844046 -0.230488 0.484212
VN	-0.593495 -0.170069 0.786664
VN	-0.740316 -0.148756 0.655594
VN	-0.795512 -0.186753 0.576441
VN	-0.655430 -0.268365 0.705969
VN	-0.839374 -0.066557 0.539464
VN	-0.876507 -0.056319 0.478084
VN	-0.795512 -0.186753 0.576441
VN	-0.740316 -0.148756 0.655594
VN	-0.912751 -0.052941 0.405072
VN	-0.876507 -0.056319 0.478084
VN	-0.897187 0.147666 0.416233
VN	-0.917129 0.162444 0.363986
VN	-0.839374 -0.066557 0.539464
VN	-0.873819 0.126223 0.469584
VN	-0.897187 0.147666 0.416233
VN	-0.876507 -0.056319 0.478084
VN	-0.858374 0.293158 0.421013
VN	-0.872297 0.314862 0.374113
VN	-0.897187 0.147666 0.416233
VN	-0.873819 0.126223 0.469584
VN	-0.874966 0.334820 0.349757
VN	-0.917129 0.162444 0.363986
VN	-0.897187 0.147666 0.416233
VN	-0.872297 0.314862 0.374113
VN	-0.640677 0.623331 0.448321
VN	-0.626490 0.644568 0.438227
VN	-0.434996 0.744580 0.506339
VN	-0.464727 0.715887 0.521089
VN	-0.601381 0.641621 0.476092
VN	-0.406476 0.739112 0.537113
VN	-0.434996 0.744580 0.506339
VN	-0.626490 0.644568 0.438227
VN	-0.258686 0.763653 0.591536
VN	-0.283831 0.773514 0.566671
VN	-0.434996 0.744580 0.506339
VN	-0.406476 0.739112 0.537113
VN	-0.319568 0.744003 0.586801
VN	-0.464727 0.715887 0.521089
VN	-0.434996 0.744580 0.506339
VN	-0.283831 0.773514 0.566671
VN	0.280758 -0.127297 0.951299
VN	0.396394 0.064886 0.915785
VN	0.288552 0.036427 0.956771
VN	0.156556 -0.083745 0.984112
VN	0.435175 0.233017 0.869670
VN	0.354621 0.168343 0.919731
VN	0.288552 0.036427 0.956771
VN	0.396394 0.064886 0.915785
VN	0.338629 0.084233 0.937142
VN	0.234860 -0.025464 0.971696
VN	0.288552 0.036427 0.956771
VN	0.354621 0.168343 0.919731
VN	0.079711 -0.086668 0.993043
VN	0.156556 -0.083745 0.984112
VN	0.288552 0.036427 0.956771
VN	0.234860 -0.025464 0.971696
VN	-0.171824 -0.407937 0.896696
VN	0.111886 -0.297339 0.948193
VN	0.023220 -0.196736 0.980182
VN	-0.208145 -0.264611 0.941625
VN	0.280758 -0.127297 0.951299
VN	0.156556 -0.083745 0.984112
VN	0.023220 -0.196736 0.980182
VN	0.111886 -0.297339 0.948193
VN	0.079711 -0.086668 0.993043
VN	-0.036312 -0.141877 0.989218
VN	0.023220 -0.196736 0.980182
VN	0.156556 -0.083745 0.984112
VN	-0.230434 -0.165335 0.958939
VN	-0.208145 -0.264611 0.941625
VN	0.023220 -0.196736 0.980182
VN	-0.036312 -0.141877 0.989218
VN	-0.708322 -0.366399 0.603350
VN	-0.479100 -0.448559 0.754492
VN	-0.461228 -0.318529 0.828135
VN	-0.655430 -0.268365 0.705969
VN	-0.171824 -0.407937 0.896696
VN	-0.208145 -0.264611 0.941625
VN	-0.461228 -0.318529 0.828135
VN	-0.479100 -0.448559 0.754492
VN	-0.230434 -0.165335 0.958939
VN	-0.434350 -0.204783 0.877157
VN	-0.461228 -0.318529 0.828135
VN	-0.208145 -0.264611 0.941625
VN	-0.593495 -0.170069 0.786664
VN	-0.655430 -0.268365 0.705969
VN	-0.461228 -0.318529 0.828135
VN	-0.434350 -0.204783 0.877157
VN	-0.036279 0.711121 0.702133
VN	-0.192239 0.747877 0.635393
VN	-0.152445 0.761112 0.630451
VN	0.006807 0.703613 0.710551
VN	-0.319568 0.744003 0.586801
VN	-0.283831 0.773514 0.566671
VN	-0.152445 0.761112 0.630451
VN	-0.192239 0.747877 0.635393
VN	-0.258686 0.763653 0.591536
VN	-0.126482 0.743817 0.656307
VN	-0.152445 0.761112 0.630451
VN	-0.283831 0.773514 0.566671
VN	0.031626 0.674708 0.737407
VN	0.006807 0.703613 0.710551
VN	-0.152445 0.761112 0.630451
VN	-0.126482 0.743817 0.656307
VN	0.299036 0.511327 0.805681
VN	0.151937 0.623708 0.766749
VN	0.170240 0.597372 0.783687
VN	0.298046 0.465982 0.833085
VN	-0.036279 0.711121 0.702133
VN	0.006807 0.703613 0.710551
VN	0.170240 0.597372 0.783687
VN	0.151937 0.623708 0.766749
VN	0.031626 0.674708 0.737407
VN	0.188992 0.565178 0.803029
VN	0.170240 0.597372 0.783687
VN	0.006807 0.703613 0.710551
VN	0.318297 0.424576 0.847598
VN	0.298046 0.465982 0.833085
VN	0.170240 0.597372 0.783687
VN	0.188992 0.565178 0.803029
VN	0.435175 0.233017 0.869670
VN	0.379476 0.393032 0.837570
VN	0.341048 0.335704 0.878060
VN	0.354621 0.168343 0.919731
VN	0.299036 0.511327 0.805681
VN	0.298046 0.465982 0.833085
VN	0.341048 0.335704 0.878060
VN	0.379476 0.393032 0.837570
VN	0.318297 0.424576 0.847598
VN	0.349403 0.271706 0.896713
VN	0.341048 0.335704 0.878060
VN	0.298046 0.465982 0.833085
VN	0.338629 0.084233 0.937142
VN	0.354621 0.168343 0.919731
VN	0.341048 0.335704 0.878060
VN	0.349403 0.271706 0.896713
VN	0.260766 0.062913 0.963350
VN	0.254274 0.240743 0.936690
VN	0.270220 0.281585 0.920701
VN	0.279103 0.088274 0.956195
VN	0.186503 0.446609 0.875075
VN	0.210484 0.480656 0.851273
VN	0.270220 0.281585 0.920701
VN	0.254274 0.240743 0.936690
VN	0.075761 0.466323 0.881365
VN	0.102732 0.328815 0.938790
VN	0.270220 0.281585 0.920701
VN	0.210484 0.480656 0.851273
VN	0.107212 0.180913 0.977638
VN	0.279103 0.088274 0.956195
VN	0.270220 0.281585 0.920701
VN	0.102732 0.328815 0.938790
VN	0.186503 0.446609 0.875075
VN	0.075451 0.593796 0.801070
VN	0.123954 0.623134 0.772231
VN	0.210484 0.480656 0.851273
VN	-0.052302 0.673456 0.737375
VN	0.008374 0.720712 0.693184
VN	0.123954 0.623134 0.772231
VN	0.075451 0.593796 0.801070
VN	-0.048634 0.655200 0.753888
VN	0.027868 0.566782 0.823397
VN	0.123954 0.623134 0.772231
VN	0.008374 0.720712 0.693184
VN	0.075761 0.466323 0.881365
VN	0.210484 0.480656 0.851273
VN	0.123954 0.623134 0.772231
VN	0.027868 0.566782 0.823397
VN	-0.052302 0.673456 0.737375
VN	-0.176539 0.710693 0.680991
VN	-0.113220 0.777183 0.619006
VN	0.008374 0.720712 0.693184
VN	-0.284640 0.711112 0.642884
VN	-0.223809 0.796670 0.561450
VN	-0.113220 0.777183 0.619006
VN	-0.176539 0.710693 0.680991
VN	-0.218482 0.731193 0.646237
VN	-0.136703 0.707794 0.693066
VN	-0.113220 0.777183 0.619006
VN	-0.223809 0.796670 0.561450
VN	-0.048634 0.655200 0.753888
VN	0.008374 0.720712 0.693184
VN	-0.113220 0.777183 0.619006
VN	-0.136703 0.707794 0.693066
VN	-0.610615 -0.326014 0.721709
VN	-0.448283 -0.385013 0.806727
VN	-0.428193 -0.347521 0.834194
VN	-0.590755 -0.288912 0.753352
VN	-0.267070 -0.383852 0.883929
VN	-0.273031 -0.345190 0.897941
VN	-0.428193 -0.347521 0.834194
VN	-0.448283 -0.385013 0.806727
VN	-0.292500 -0.155558 0.943528
VN	-0.393317 -0.156526 0.905981
VN	-0.428193 -0.347521 0.834194
VN	-0.273031 -0.345190 0.897941
VN	-0.517929 -0.106866 0.848722
VN	-0.590755 -0.288912 0.753352
VN	-0.428193 -0.347521 0.834194
VN	-0.393317 -0.156526 0.905981
VN	-0.267070 -0.383852 0.883929
VN	-0.062209 -0.344479 0.936731
VN	-0.089248 -0.300975 0.949447
VN	-0.273031 -0.345190 0.897941
VN	0.118718 -0.243709 0.962555
VN	0.081935 -0.211639 0.973907
VN	-0.089248 -0.300975 0.949447
VN	-0.062209 -0.344479 0.936731
VN	-0.048022 -0.048104 0.997687
VN	-0.166788 -0.110719 0.979757
VN	-0.089248 -0.300975 0.949447
VN	0.081935 -0.211639 0.973907
VN	-0.292500 -0.155558 0.943528
VN	-0.273031 -0.345190 0.897941
VN	-0.089248 -0.300975 0.949447
VN	-0.166788 -0.110719 0.979757
VN	0.118718 -0.243709 0.962555
VN	0.219506 -0.092083 0.971256
VN	0.201129 -0.070858 0.976999
VN	0.081935 -0.211639 0.973907
VN	0.260766 0.062913 0.963350
VN	0.279103 0.088274 0.956195
VN	0.201129 -0.070858 0.976999
VN	0.219506 -0.092083 0.971256
VN	0.107212 0.180913 0.977638
VN	0.036281 0.057673 0.997676
VN	0.201129 -0.070858 0.976999
VN	0.279103 0.088274 0.956195
VN	-0.048022 -0.048104 0.997687
VN	0.081935 -0.211639 0.973907
VN	0.201129 -0.070858 0.976999
VN	0.036281 0.057673 0.997676
VN	-0.487827 0.644780 0.588459
VN	-0.473733 0.724972 0.499992
VN	-0.346882 0.778495 0.523085
VN	-0.378419 0.698211 0.607701
VN	-0.420194 0.679288 0.601669
VN	-0.323562 0.714529 0.620287
VN	-0.346882 0.778495 0.523085
VN	-0.473733 0.724972 0.499992
VN	-0.218482 0.731193 0.646237
VN	-0.223809 0.796670 0.561450
VN	-0.346882 0.778495 0.523085
VN	-0.323562 0.714529 0.620287
VN	-0.284640 0.711112 0.642884
VN	-0.378419 0.698211 0.607701
VN	-0.346882 0.778495 0.523085
VN	-0.223809 0.796670 0.561450
VN	-0.794149 0.009450 0.607650
VN	-0.780375 0.031829 0.624501
VN	-0.786233 0.230926 0.573158
VN	-0.795514 0.222710 0.563522
VN	-0.663136 0.128700 0.737352
VN	-0.660577 0.270497 0.700335
VN	-0.786233 0.230926 0.573158
VN	-0.780375 0.031829 0.624501
VN	-0.618081 0.449245 0.645101
VN	-0.731438 0.444095 0.517474
VN	-0.786233 0.230926 0.573158
VN	-0.660577 0.270497 0.700335
VN	-0.734905 0.416069 0.535538
VN	-0.795514 0.222710 0.563522
VN	-0.786233 0.230926 0.573158
VN	-0.731438 0.444095 0.517474
VN	-0.794149 0.009450 0.607650
VN	-0.728386 -0.183603 0.660109
VN	-0.719727 -0.133923 0.681217
VN	-0.780375 0.031829 0.624501
VN	-0.610615 -0.326014 0.721709
VN	-0.590755 -0.288912 0.753352
VN	-0.719727 -0.133923 0.681217
VN	-0.728386 -0.183603 0.660109
VN	-0.517929 -0.106866 0.848722
VN	-0.620352 0.023596 0.783969
VN	-0.719727 -0.133923 0.681217
VN	-0.590755 -0.288912 0.753352
VN	-0.663136 0.128700 0.737352
VN	-0.780375 0.031829 0.624501
VN	-0.719727 -0.133923 0.681217
VN	-0.620352 0.023596 0.783969
VN	-0.487827 0.644780 0.588459
VN	-0.626138 0.549995 0.552682
VN	-0.612964 0.609417 0.502878
VN	-0.473733 0.724972 0.499992
VN	-0.734905 0.416069 0.535538
VN	-0.731438 0.444095 0.517474
VN	-0.612964 0.609417 0.502878
VN	-0.626138 0.549995 0.552682
VN	-0.618081 0.449245 0.645101
VN	-0.519319 0.588504 0.619654
VN	-0.612964 0.609417 0.502878
VN	-0.731438 0.444095 0.517474
VN	-0.420194 0.679288 0.601669
VN	-0.473733 0.724972 0.499992
VN	-0.612964 0.609417 0.502878
VN	-0.519319 0.588504 0.619654
VN	0.664732 0.182924 0.724341
VN	0.596723 0.310710 0.739852
VN	0.563522 0.332276 0.756330
VN	0.644778 0.202591 0.737033
VN	0.491538 0.451802 0.744490
VN	0.446129 0.463324 0.765702
VN	0.563522 0.332276 0.756330
VN	0.596723 0.310710 0.739852
VN	0.410931 0.479442 0.775417
VN	0.524527 0.355708 0.773527
VN	0.563522 0.332276 0.756330
VN	0.446129 0.463324 0.765702
VN	0.603272 0.226878 0.764584
VN	0.644778 0.202591 0.737033
VN	0.563522 0.332276 0.756330
VN	0.524527 0.355708 0.773527
VN	0.491538 0.451802 0.744490
VN	0.310031 0.578588 0.754398
VN	0.274735 0.590976 0.758464
VN	0.446129 0.463324 0.765702
VN	0.079121 0.672162 0.736165
VN	0.048979 0.693051 0.719223
VN	0.274735 0.590976 0.758464
VN	0.310031 0.578588 0.754398
VN	0.010555 0.697157 0.716841
VN	0.238428 0.601352 0.762580
VN	0.274735 0.590976 0.758464
VN	0.048979 0.693051 0.719223
VN	0.410931 0.479442 0.775417
VN	0.446129 0.463324 0.765702
VN	0.274735 0.590976 0.758464
VN	0.238428 0.601352 0.762580
VN	0.079121 0.672162 0.736165
VN	-0.123624 0.686521 0.716524
VN	-0.149858 0.704462 0.693741
VN	0.048979 0.693051 0.719223
VN	-0.313469 0.647278 0.694815
VN	-0.327945 0.660584 0.675337
VN	-0.149858 0.704462 0.693741
VN	-0.123624 0.686521 0.716524
VN	-0.341558 0.675146 0.653847
VN	-0.179207 0.712190 0.678727
VN	-0.149858 0.704462 0.693741
VN	-0.327945 0.660584 0.675337
VN	0.010555 0.697157 0.716841
VN	0.048979 0.693051 0.719223
VN	-0.149858 0.704462 0.693741
VN	-0.179207 0.712190 0.678727
VN	-0.355999 -0.927714 -0.112304
VN	-0.064185 -0.996966 0.044024
VN	-0.236457 -0.945086 0.225610
VN	-0.575861 -0.803016 0.153460
VN	0.325109 -0.940773 0.096177
VN	0.169763 -0.916374 0.362546
VN	-0.236457 -0.945086 0.225610
VN	-0.064185 -0.996966 0.044024
VN	0.024569 -0.780719 0.624400
VN	-0.387856 -0.806099 0.446960
VN	-0.236457 -0.945086 0.225610
VN	0.169763 -0.916374 0.362546
VN	-0.677192 -0.668154 0.308191
VN	-0.575861 -0.803016 0.153460
VN	-0.236457 -0.945086 0.225610
VN	-0.387856 -0.806099 0.446960
VN	0.325109 -0.940773 0.096177
VN	0.567233 -0.755844 0.327026
VN	0.476698 -0.676328 0.561551
VN	0.169763 -0.916374 0.362546
VN	0.739126 -0.424076 0.523309
VN	0.646019 -0.341073 0.682883
VN	0.476698 -0.676328 0.561551
VN	0.567233 -0.755844 0.327026
VN	0.535311 -0.245965 0.808049
VN	0.361406 -0.546507 0.755457
VN	0.476698 -0.676328 0.561551
VN	0.646019 -0.341073 0.682883
VN	0.024569 -0.780719 0.624400
VN	0.169763 -0.916374 0.362546
VN	0.476698 -0.676328 0.561551
VN	0.361406 -0.546507 0.755457
VN	0.739126 -0.424076 0.523309
VN	0.734788 -0.027750 0.677729
VN	0.680693 0.003691 0.732560
VN	0.646019 -0.341073 0.682883
VN	0.664732 0.182924 0.724341
VN	0.644778 0.202591 0.737033
VN	0.680693 0.003691 0.732560
VN	0.734788 -0.027750 0.677729
VN	0.603272 0.226878 0.764584
VN	0.605710 0.045196 0.794401
VN	0.680693 0.003691 0.732560
VN	0.644778 0.202591 0.737033
VN	0.535311 -0.245965 0.808049
VN	0.646019 -0.341073 0.682883
VN	0.680693 0.003691 0.732560
VN	0.605710 0.045196 0.794401
VN	-0.313469 0.647278 0.694815
VN	-0.530569 0.588085 0.610453
VN	-0.523659 0.619217 0.585108
VN	-0.327945 0.660584 0.675337
VN	-0.764575 0.441894 0.469206
VN	-0.734890 0.498234 0.460108
VN	-0.523659 0.619217 0.585108
VN	-0.530569 0.588085 0.610453
VN	-0.701304 0.540890 0.464340
VN	-0.515411 0.642361 0.567206
VN	-0.523659 0.619217 0.585108
VN	-0.734890 0.498234 0.460108
VN	-0.341558 0.675146 0.653847
VN	-0.327945 0.660584 0.675337
VN	-0.523659 0.619217 0.585108
VN	-0.515411 0.642361 0.567206
VN	-0.988651 0.046648 -0.142806
VN	-0.951960 -0.170820 -0.254153
VN	-0.997112 -0.075890 -0.003023
VN	-0.986222 0.160266 0.040992
VN	-0.856820 -0.446094 -0.258573
VN	-0.942048 -0.334374 0.027198
VN	-0.997112 -0.075890 -0.003023
VN	-0.951960 -0.170820 -0.254153
VN	-0.951651 -0.240203 0.191475
VN	-0.986531 0.004344 0.163514
VN	-0.997112 -0.075890 -0.003023
VN	-0.942048 -0.334374 0.027198
VN	-0.954057 0.234060 0.187058
VN	-0.986222 0.160266 0.040992
VN	-0.997112 -0.075890 -0.003023
VN	-0.986531 0.004344 0.163514
VN	-0.856820 -0.446094 -0.258573
VN	-0.700256 -0.696393 -0.157094
VN	-0.803244 -0.591300 0.071857
VN	-0.942048 -0.334374 0.027198
VN	-0.355999 -0.927714 -0.112304
VN	-0.575861 -0.803016 0.153460
VN	-0.803244 -0.591300 0.071857
VN	-0.700256 -0.696393 -0.157094
VN	-0.677192 -0.668154 0.308191
VN	-0.850788 -0.471201 0.232657
VN	-0.803244 -0.591300 0.071857
VN	-0.575861 -0.803016 0.153460
VN	-0.951651 -0.240203 0.191475
VN	-0.942048 -0.334374 0.027198
VN	-0.803244 -0.591300 0.071857
VN	-0.850788 -0.471201 0.232657
VN	-0.764575 0.441894 0.469206
VN	-0.937773 0.275044 0.211975
VN	-0.909687 0.342756 0.234494
VN	-0.734890 0.498234 0.460108
VN	-0.988651 0.046648 -0.142806
VN	-0.986222 0.160266 0.040992
VN	-0.909687 0.342756 0.234494
VN	-0.937773 0.275044 0.211975
VN	-0.954057 0.234060 0.187058
VN	-0.863692 0.395879 0.311956
VN	-0.909687 0.342756 0.234494
VN	-0.986222 0.160266 0.040992
VN	-0.701304 0.540890 0.464340
VN	-0.734890 0.498234 0.460108
VN	-0.909687 0.342756 0.234494
VN	-0.863692 0.395879 0.311956
VN	0.338629 0.084233 0.937142
VN	0.349403 0.271706 0.896713
VN	0.298957 0.247699 0.921558
VN	0.287073 0.064099 0.955762
VN	0.318297 0.424576 0.847598
VN	0.257002 0.414499 0.873007
VN	0.298957 0.247699 0.921558
VN	0.349403 0.271706 0.896713
VN	0.174970 0.394581 0.902048
VN	0.227045 0.223062 0.947995
VN	0.298957 0.247699 0.921558
VN	0.257002 0.414499 0.873007
VN	0.223084 0.045310 0.973746
VN	0.287073 0.064099 0.955762
VN	0.298957 0.247699 0.921558
VN	0.227045 0.223062 0.947995
VN	0.318297 0.424576 0.847598
VN	0.188992 0.565178 0.803029
VN	0.124134 0.532555 0.837243
VN	0.257002 0.414499 0.873007
VN	0.031626 0.674708 0.737407
VN	-0.027009 0.607210 0.794082
VN	0.124134 0.532555 0.837243
VN	0.188992 0.565178 0.803029
VN	-0.071295 0.551233 0.831300
VN	0.056630 0.499025 0.864735
VN	0.124134 0.532555 0.837243
VN	-0.027009 0.607210 0.794082
VN	0.174970 0.394581 0.902048
VN	0.257002 0.414499 0.873007
VN	0.124134 0.532555 0.837243
VN	0.056630 0.499025 0.864735
VN	0.031626 0.674708 0.737407
VN	-0.126482 0.743817 0.656307
VN	-0.158069 0.658540 0.735758
VN	-0.027009 0.607210 0.794082
VN	-0.258686 0.763653 0.591536
VN	-0.278799 0.666095 0.691801
VN	-0.158069 0.658540 0.735758
VN	-0.126482 0.743817 0.656307
VN	-0.290565 0.575222 0.764651
VN	-0.180924 0.580644 0.793801
VN	-0.158069 0.658540 0.735758
VN	-0.278799 0.666095 0.691801
VN	-0.071295 0.551233 0.831300
VN	-0.027009 0.607210 0.794082
VN	-0.158069 0.658540 0.735758
VN	-0.180924 0.580644 0.793801
VN	-0.593495 -0.170069 0.786664
VN	-0.434350 -0.204783 0.877157
VN	-0.433279 -0.178060 0.883496
VN	-0.559827 -0.128327 0.818612
VN	-0.230434 -0.165335 0.958939
VN	-0.247657 -0.180469 0.951891
VN	-0.433279 -0.178060 0.883496
VN	-0.434350 -0.204783 0.877157
VN	-0.250833 -0.285632 0.924931
VN	-0.444678 -0.275066 0.852409
VN	-0.433279 -0.178060 0.883496
VN	-0.247657 -0.180469 0.951891
VN	-0.570005 -0.221815 0.791134
VN	-0.559827 -0.128327 0.818612
VN	-0.433279 -0.178060 0.883496
VN	-0.444678 -0.275066 0.852409
VN	-0.230434 -0.165335 0.958939
VN	-0.036312 -0.141877 0.989218
VN	-0.052710 -0.162867 0.985239
VN	-0.247657 -0.180469 0.951891
VN	0.079711 -0.086668 0.993043
VN	0.066970 -0.121144 0.990373
VN	-0.052710 -0.162867 0.985239
VN	-0.036312 -0.141877 0.989218
VN	0.085068 -0.197867 0.976531
VN	-0.043238 -0.253076 0.966480
VN	-0.052710 -0.162867 0.985239
VN	0.066970 -0.121144 0.990373
VN	-0.250833 -0.285632 0.924931
VN	-0.247657 -0.180469 0.951891
VN	-0.052710 -0.162867 0.985239
VN	-0.043238 -0.253076 0.966480
VN	0.079711 -0.086668 0.993043
VN	0.234860 -0.025464 0.971696
VN	0.190708 -0.054643 0.980125
VN	0.066970 -0.121144 0.990373
VN	0.338629 0.084233 0.937142
VN	0.287073 0.064099 0.955762
VN	0.190708 -0.054643 0.980125
VN	0.234860 -0.025464 0.971696
VN	0.223084 0.045310 0.973746
VN	0.163814 -0.100337 0.981375
VN	0.190708 -0.054643 0.980125
VN	0.287073 0.064099 0.955762
VN	0.085068 -0.197867 0.976531
VN	0.066970 -0.121144 0.990373
VN	0.190708 -0.054643 0.980125
VN	0.163814 -0.100337 0.981375
VN	-0.258686 0.763653 0.591536
VN	-0.406476 0.739112 0.537113
VN	-0.402872 0.645900 0.648465
VN	-0.278799 0.666095 0.691801
VN	-0.601381 0.641621 0.476092
VN	-0.561595 0.563645 0.605736
VN	-0.402872 0.645900 0.648465
VN	-0.406476 0.739112 0.537113
VN	-0.520188 0.495069 0.695925
VN	-0.392720 0.562464 0.727602
VN	-0.402872 0.645900 0.648465
VN	-0.561595 0.563645 0.605736
VN	-0.290565 0.575222 0.764651
VN	-0.278799 0.666095 0.691801
VN	-0.402872 0.645900 0.648465
VN	-0.392720 0.562464 0.727602
VN	-0.858374 0.293158 0.421013
VN	-0.873819 0.126223 0.469584
VN	-0.821112 0.136724 0.554150
VN	-0.798549 0.293742 0.525390
VN	-0.839374 -0.066557 0.539464
VN	-0.790837 -0.046500 0.610258
VN	-0.821112 0.136724 0.554150
VN	-0.873819 0.126223 0.469584
VN	-0.757812 -0.049155 0.650619
VN	-0.778384 0.137824 0.612473
VN	-0.821112 0.136724 0.554150
VN	-0.790837 -0.046500 0.610258
VN	-0.744287 0.291892 0.600697
VN	-0.798549 0.293742 0.525390
VN	-0.821112 0.136724 0.554150
VN	-0.778384 0.137824 0.612473
VN	-0.839374 -0.066557 0.539464
VN	-0.740316 -0.148756 0.655594
VN	-0.687447 -0.121777 0.715952
VN	-0.790837 -0.046500 0.610258
VN	-0.593495 -0.170069 0.786664
VN	-0.559827 -0.128327 0.818612
VN	-0.687447 -0.121777 0.715952
VN	-0.740316 -0.148756 0.655594
VN	-0.570005 -0.221815 0.791134
VN	-0.670039 -0.168886 0.722859
VN	-0.687447 -0.121777 0.715952
VN	-0.559827 -0.128327 0.818612
VN	-0.757812 -0.049155 0.650619
VN	-0.790837 -0.046500 0.610258
VN	-0.687447 -0.121777 0.715952
VN	-0.670039 -0.168886 0.722859
VN	-0.601381 0.641621 0.476092
VN	-0.770007 0.465021 0.436857
VN	-0.712795 0.427036 0.556384
VN	-0.561595 0.563645 0.605736
VN	-0.858374 0.293158 0.421013
VN	-0.798549 0.293742 0.525390
VN	-0.712795 0.427036 0.556384
VN	-0.770007 0.465021 0.436857
VN	-0.744287 0.291892 0.600697
VN	-0.659778 0.394176 0.639780
VN	-0.712795 0.427036 0.556384
VN	-0.798549 0.293742 0.525390
VN	-0.520188 0.495069 0.695925
VN	-0.561595 0.563645 0.605736
VN	-0.712795 0.427036 0.556384
VN	-0.659778 0.394176 0.639780
VN	-0.520188 0.495069 0.695925
VN	-0.659778 0.394176 0.639780
VN	-0.631673 0.460247 0.623829
VN	-0.494403 0.543678 0.678218
VN	-0.744287 0.291892 0.600697
VN	-0.727538 0.353555 0.587952
VN	-0.631673 0.460247 0.623829
VN	-0.659778 0.394176 0.639780
VN	-0.734905 0.416069 0.535538
VN	-0.626138 0.549995 0.552682
VN	-0.631673 0.460247 0.623829
VN	-0.727538 0.353555 0.587952
VN	-0.487827 0.644780 0.588459
VN	-0.494403 0.543678 0.678218
VN	-0.631673 0.460247 0.623829
VN	-0.626138 0.549995 0.552682
VN	-0.757812 -0.049155 0.650619
VN	-0.670039 -0.168886 0.722859
VN	-0.706801 -0.193150 0.680533
VN	-0.775605 -0.018529 0.630946
VN	-0.570005 -0.221815 0.791134
VN	-0.601787 -0.312650 0.734916
VN	-0.706801 -0.193150 0.680533
VN	-0.670039 -0.168886 0.722859
VN	-0.610615 -0.326014 0.721709
VN	-0.728386 -0.183603 0.660109
VN	-0.706801 -0.193150 0.680533
VN	-0.601787 -0.312650 0.734916
VN	-0.794149 0.009450 0.607650
VN	-0.775605 -0.018529 0.630946
VN	-0.706801 -0.193150 0.680533
VN	-0.728386 -0.183603 0.660109
VN	-0.744287 0.291892 0.600697
VN	-0.778384 0.137824 0.612473
VN	-0.779885 0.181758 0.598952
VN	-0.727538 0.353555 0.587952
VN	-0.757812 -0.049155 0.650619
VN	-0.775605 -0.018529 0.630946
VN	-0.779885 0.181758 0.598952
VN	-0.778384 0.137824 0.612473
VN	-0.794149 0.009450 0.607650
VN	-0.795514 0.222710 0.563522
VN	-0.779885 0.181758 0.598952
VN	-0.775605 -0.018529 0.630946
VN	-0.734905 0.416069 0.535538
VN	-0.727538 0.353555 0.587952
VN	-0.779885 0.181758 0.598952
VN	-0.795514 0.222710 0.563522
VN	-0.290565 0.575222 0.764651
VN	-0.392720 0.562464 0.727602
VN	-0.385344 0.596818 0.703788
VN	-0.297015 0.605301 0.738508
VN	-0.520188 0.495069 0.695925
VN	-0.494403 0.543678 0.678218
VN	-0.385344 0.596818 0.703788
VN	-0.392720 0.562464 0.727602
VN	-0.487827 0.644780 0.588459
VN	-0.378419 0.698211 0.607701
VN	-0.385344 0.596818 0.703788
VN	-0.494403 0.543678 0.678218
VN	-0.284640 0.711112 0.642884
VN	-0.297015 0.605301 0.738508
VN	-0.385344 0.596818 0.703788
VN	-0.378419 0.698211 0.607701
VN	0.085068 -0.197867 0.976531
VN	0.163814 -0.100337 0.981375
VN	0.187100 -0.096515 0.977588
VN	0.113289 -0.236788 0.964934
VN	0.223084 0.045310 0.973746
VN	0.216847 0.062780 0.974185
VN	0.187100 -0.096515 0.977588
VN	0.163814 -0.100337 0.981375
VN	0.260766 0.062913 0.963350
VN	0.219506 -0.092083 0.971256
VN	0.187100 -0.096515 0.977588
VN	0.216847 0.062780 0.974185
VN	0.118718 -0.243709 0.962555
VN	0.113289 -0.236788 0.964934
VN	0.187100 -0.096515 0.977588
VN	0.219506 -0.092083 0.971256
VN	-0.250833 -0.285632 0.924931
VN	-0.043238 -0.253076 0.966480
VN	-0.043198 -0.323782 0.945145
VN	-0.253833 -0.366078 0.895296
VN	0.085068 -0.197867 0.976531
VN	0.113289 -0.236788 0.964934
VN	-0.043198 -0.323782 0.945145
VN	-0.043238 -0.253076 0.966480
VN	0.118718 -0.243709 0.962555
VN	-0.062209 -0.344479 0.936731
VN	-0.043198 -0.323782 0.945145
VN	0.113289 -0.236788 0.964934
VN	-0.267070 -0.383852 0.883929
VN	-0.253833 -0.366078 0.895296
VN	-0.043198 -0.323782 0.945145
VN	-0.062209 -0.344479 0.936731
VN	-0.570005 -0.221815 0.791134
VN	-0.444678 -0.275066 0.852409
VN	-0.448572 -0.367111 0.814870
VN	-0.601787 -0.312650 0.734916
VN	-0.250833 -0.285632 0.924931
VN	-0.253833 -0.366078 0.895296
VN	-0.448572 -0.367111 0.814870
VN	-0.444678 -0.275066 0.852409
VN	-0.267070 -0.383852 0.883929
VN	-0.448283 -0.385013 0.806727
VN	-0.448572 -0.367111 0.814870
VN	-0.253833 -0.366078 0.895296
VN	-0.610615 -0.326014 0.721709
VN	-0.601787 -0.312650 0.734916
VN	-0.448572 -0.367111 0.814870
VN	-0.448283 -0.385013 0.806727
VN	-0.071295 0.551233 0.831300
VN	-0.180924 0.580644 0.793801
VN	-0.194792 0.614048 0.764854
VN	-0.082745 0.590667 0.802662
VN	-0.290565 0.575222 0.764651
VN	-0.297015 0.605301 0.738508
VN	-0.194792 0.614048 0.764854
VN	-0.180924 0.580644 0.793801
VN	-0.284640 0.711112 0.642884
VN	-0.176539 0.710693 0.680991
VN	-0.194792 0.614048 0.764854
VN	-0.297015 0.605301 0.738508
VN	-0.052302 0.673456 0.737375
VN	-0.082745 0.590667 0.802662
VN	-0.194792 0.614048 0.764854
VN	-0.176539 0.710693 0.680991
VN	0.174970 0.394581 0.902048
VN	0.056630 0.499025 0.864735
VN	0.037967 0.528670 0.847978
VN	0.148667 0.410670 0.899582
VN	-0.071295 0.551233 0.831300
VN	-0.082745 0.590667 0.802662
VN	0.037967 0.528670 0.847978
VN	0.056630 0.499025 0.864735
VN	-0.052302 0.673456 0.737375
VN	0.075451 0.593796 0.801070
VN	0.037967 0.528670 0.847978
VN	-0.082745 0.590667 0.802662
VN	0.186503 0.446609 0.875075
VN	0.148667 0.410670 0.899582
VN	0.037967 0.528670 0.847978
VN	0.075451 0.593796 0.801070
VN	0.223084 0.045310 0.973746
VN	0.227045 0.223062 0.947995
VN	0.209814 0.232891 0.949600
VN	0.216847 0.062780 0.974185
VN	0.174970 0.394581 0.902048
VN	0.148667 0.410670 0.899582
VN	0.209814 0.232891 0.949600
VN	0.227045 0.223062 0.947995
VN	0.186503 0.446609 0.875075
VN	0.254274 0.240743 0.936690
VN	0.209814 0.232891 0.949600
VN	0.148667 0.410670 0.899582
VN	0.260766 0.062913 0.963350
VN	0.216847 0.062780 0.974185
VN	0.209814 0.232891 0.949600
VN	0.254274 0.240743 0.936690
VN	-0.048022 -0.048104 0.997687
VN	-0.213707 0.191638 0.957917
VN	-0.241017 0.122843 0.962715
VN	-0.166788 -0.110719 0.979757
VN	-0.291351 0.312323 0.904195
VN	-0.301941 0.143974 0.942392
VN	-0.241017 0.122843 0.962715
VN	-0.213707 0.191638 0.957917
VN	-0.292500 -0.155558 0.943528
VN	-0.166788 -0.110719 0.979757
VN	-0.241017 0.122843 0.962715
VN	-0.301941 0.143974 0.942392
VN	-0.517929 -0.106866 0.848722
VN	-0.393317 -0.156526 0.905981
VN	-0.352168 0.095686 0.931033
VN	-0.382536 0.163510 0.909357
VN	-0.292500 -0.155558 0.943528
VN	-0.301941 0.143974 0.942392
VN	-0.352168 0.095686 0.931033
VN	-0.393317 -0.156526 0.905981
VN	-0.291351 0.312323 0.904195
VN	-0.382536 0.163510 0.909357
VN	-0.352168 0.095686 0.931033
VN	-0.301941 0.143974 0.942392
VN	-0.517929 -0.106866 0.848722
VN	-0.382536 0.163510 0.909357
VN	-0.451484 0.180069 0.873921
VN	-0.620352 0.023596 0.783969
VN	-0.291351 0.312323 0.904195
VN	-0.431946 0.244942 0.868001
VN	-0.451484 0.180069 0.873921
VN	-0.382536 0.163510 0.909357
VN	-0.663136 0.128700 0.737352
VN	-0.620352 0.023596 0.783969
VN	-0.451484 0.180069 0.873921
VN	-0.431946 0.244942 0.868001
VN	-0.663136 0.128700 0.737352
VN	-0.431946 0.244942 0.868001
VN	-0.468723 0.297155 0.831864
VN	-0.660577 0.270497 0.700335
VN	-0.291351 0.312323 0.904195
VN	-0.410272 0.374796 0.831388
VN	-0.468723 0.297155 0.831864
VN	-0.431946 0.244942 0.868001
VN	-0.618081 0.449245 0.645101
VN	-0.660577 0.270497 0.700335
VN	-0.468723 0.297155 0.831864
VN	-0.410272 0.374796 0.831388
VN	-0.420194 0.679288 0.601669
VN	-0.519319 0.588504 0.619654
VN	-0.400680 0.467825 0.787779
VN	-0.343690 0.474176 0.810577
VN	-0.618081 0.449245 0.645101
VN	-0.410272 0.374796 0.831388
VN	-0.400680 0.467825 0.787779
VN	-0.519319 0.588504 0.619654
VN	-0.291351 0.312323 0.904195
VN	-0.343690 0.474176 0.810577
VN	-0.400680 0.467825 0.787779
VN	-0.410272 0.374796 0.831388
VN	-0.218482 0.731193 0.646237
VN	-0.323562 0.714529 0.620287
VN	-0.316461 0.533421 0.784420
VN	-0.275677 0.497263 0.822637
VN	-0.420194 0.679288 0.601669
VN	-0.343690 0.474176 0.810577
VN	-0.316461 0.533421 0.784420
VN	-0.323562 0.714529 0.620287
VN	-0.291351 0.312323 0.904195
VN	-0.275677 0.497263 0.822637
VN	-0.316461 0.533421 0.784420
VN	-0.343690 0.474176 0.810577
VN	-0.218482 0.731193 0.646237
VN	-0.275677 0.497263 0.822637
VN	-0.227436 0.533402 0.814712
VN	-0.136703 0.707794 0.693066
VN	-0.291351 0.312323 0.904195
VN	-0.206863 0.459286 0.863866
VN	-0.227436 0.533402 0.814712
VN	-0.275677 0.497263 0.822637
VN	-0.048634 0.655200 0.753888
VN	-0.136703 0.707794 0.693066
VN	-0.227436 0.533402 0.814712
VN	-0.206863 0.459286 0.863866
VN	0.075761 0.466323 0.881365
VN	0.027868 0.566782 0.823397
VN	-0.141355 0.443931 0.884841
VN	-0.161754 0.370797 0.914519
VN	-0.048634 0.655200 0.753888
VN	-0.206863 0.459286 0.863866
VN	-0.141355 0.443931 0.884841
VN	0.027868 0.566782 0.823397
VN	-0.291351 0.312323 0.904195
VN	-0.161754 0.370797 0.914519
VN	-0.141355 0.443931 0.884841
VN	-0.206863 0.459286 0.863866
VN	0.075761 0.466323 0.881365
VN	-0.161754 0.370797 0.914519
VN	-0.121089 0.322388 0.938831
VN	0.102732 0.328815 0.938790
VN	-0.291351 0.312323 0.904195
VN	-0.166059 0.269995 0.948434
VN	-0.121089 0.322388 0.938831
VN	-0.161754 0.370797 0.914519
VN	0.107212 0.180913 0.977638
VN	0.102732 0.328815 0.938790
VN	-0.121089 0.322388 0.938831
VN	-0.166059 0.269995 0.948434
VN	-0.048022 -0.048104 0.997687
VN	0.036281 0.057673 0.997676
VN	-0.156231 0.203412 0.966548
VN	-0.213707 0.191638 0.957917
VN	0.107212 0.180913 0.977638
VN	-0.166059 0.269995 0.948434
VN	-0.156231 0.203412 0.966548
VN	0.036281 0.057673 0.997676
VN	-0.291351 0.312323 0.904195
VN	-0.213707 0.191638 0.957917
VN	-0.156231 0.203412 0.966548
VN	-0.166059 0.269995 0.948434
VN	0.325109 -0.940773 0.096177
VN	0.363376 -0.925613 -0.105825
VN	0.496740 -0.867150 -0.036051
VN	0.526183 -0.850043 0.023650
VN	0.373780 -0.924970 0.068699
VN	0.459617 -0.830783 0.313929
VN	0.496740 -0.867150 -0.036051
VN	0.363376 -0.925613 -0.105825
VN	-0.355999 -0.927714 -0.112304
VN	-0.001427 -0.983922 -0.178593
VN	0.121217 -0.986663 -0.108638
VN	-0.064185 -0.996966 0.044024
VN	0.137709 -0.956483 -0.257247
VN	0.220290 -0.970786 -0.095111
VN	0.121217 -0.986663 -0.108638
VN	-0.001427 -0.983922 -0.178593
VN	0.373780 -0.924970 0.068699
VN	0.363376 -0.925613 -0.105825
VN	0.121217 -0.986663 -0.108638
VN	0.220290 -0.970786 -0.095111
VN	0.325109 -0.940773 0.096177
VN	-0.064185 -0.996966 0.044024
VN	0.121217 -0.986663 -0.108638
VN	0.363376 -0.925613 -0.105825
VN	0.018450 -0.879569 -0.475414
VN	0.084468 -0.892012 -0.444050
VN	0.029190 -0.924876 -0.379148
VN	-0.065314 -0.904850 -0.420690
VN	0.137709 -0.956483 -0.257247
VN	-0.001427 -0.983922 -0.178593
VN	0.029190 -0.924876 -0.379148
VN	0.084468 -0.892012 -0.444050
VN	-0.355999 -0.927714 -0.112304
VN	-0.065314 -0.904850 -0.420690
VN	0.029190 -0.924876 -0.379148
VN	-0.001427 -0.983922 -0.178593
VN	0.018450 -0.879569 -0.475414
VN	-0.065314 -0.904850 -0.420690
VN	-0.149870 -0.866960 -0.475310
VN	-0.159208 -0.879271 -0.448927
VN	-0.355999 -0.927714 -0.112304
VN	-0.406717 -0.820953 -0.400770
VN	-0.149870 -0.866960 -0.475310
VN	-0.065314 -0.904850 -0.420690
VN	-0.438062 -0.788263 -0.432137
VN	-0.159208 -0.879271 -0.448927
VN	-0.149870 -0.866960 -0.475310
VN	-0.406717 -0.820953 -0.400770
VN	-0.856820 -0.446094 -0.258573
VN	-0.660937 -0.521847 -0.539294
VN	-0.581384 -0.689167 -0.432484
VN	-0.700256 -0.696393 -0.157094
VN	-0.583245 -0.542615 -0.604479
VN	-0.554687 -0.646041 -0.524360
VN	-0.581384 -0.689167 -0.432484
VN	-0.660937 -0.521847 -0.539294
VN	-0.438062 -0.788263 -0.432137
VN	-0.406717 -0.820953 -0.400770
VN	-0.581384 -0.689167 -0.432484
VN	-0.554687 -0.646041 -0.524360
VN	-0.355999 -0.927714 -0.112304
VN	-0.700256 -0.696393 -0.157094
VN	-0.581384 -0.689167 -0.432484
VN	-0.406717 -0.820953 -0.400770
VN	-0.313469 0.647278 0.694815
VN	-0.123624 0.686521 0.716524
VN	-0.111172 0.668399 0.735448
VN	-0.304867 0.636669 0.708314
VN	0.079121 0.672162 0.736165
VN	0.103982 0.649516 0.753204
VN	-0.111172 0.668399 0.735448
VN	-0.123624 0.686521 0.716524
VN	0.079121 0.672162 0.736165
VN	0.310031 0.578588 0.754398
VN	0.329426 0.566331 0.755478
VN	0.103982 0.649516 0.753204
VN	0.491538 0.451802 0.744490
VN	0.496621 0.454595 0.739399
VN	0.329426 0.566331 0.755478
VN	0.310031 0.578588 0.754398
VN	0.491538 0.451802 0.744490
VN	0.596723 0.310710 0.739852
VN	0.589325 0.317587 0.742856
VN	0.496621 0.454595 0.739399
VN	0.664732 0.182924 0.724341
VN	0.657862 0.171631 0.733322
VN	0.589325 0.317587 0.742856
VN	0.596723 0.310710 0.739852
VN	-0.764575 0.441894 0.469206
VN	-0.530569 0.588085 0.610453
VN	-0.516059 0.561635 0.646722
VN	-0.760425 0.398247 0.512985
VN	-0.313469 0.647278 0.694815
VN	-0.304867 0.636669 0.708314
VN	-0.516059 0.561635 0.646722
VN	-0.530569 0.588085 0.610453
VN	-0.764575 0.441894 0.469206
VN	-0.760425 0.398247 0.512985
VN	-0.944392 0.223898 0.240818
VN	-0.937773 0.275044 0.211975
VN	-0.988651 0.046648 -0.142806
VN	-0.937773 0.275044 0.211975
VN	-0.944392 0.223898 0.240818
VN	-0.994496 0.061780 -0.084620
VN	-0.878432 -0.331158 -0.344518
VN	-0.910070 -0.208789 -0.358023
VN	-0.965978 -0.147826 -0.212212
VN	-0.941371 -0.276614 -0.193146
VN	-0.988651 0.046648 -0.142806
VN	-0.994496 0.061780 -0.084620
VN	-0.965978 -0.147826 -0.212212
VN	-0.910070 -0.208789 -0.358023
VN	-0.988651 0.046648 -0.142806
VN	-0.910070 -0.208789 -0.358023
VN	-0.823488 -0.322423 -0.466809
VN	-0.951960 -0.170820 -0.254153
VN	-0.878432 -0.331158 -0.344518
VN	-0.753007 -0.422158 -0.504740
VN	-0.823488 -0.322423 -0.466809
VN	-0.910070 -0.208789 -0.358023
VN	-0.583245 -0.542615 -0.604479
VN	-0.660937 -0.521847 -0.539294
VN	-0.823488 -0.322423 -0.466809
VN	-0.753007 -0.422158 -0.504740
VN	-0.856820 -0.446094 -0.258573
VN	-0.951960 -0.170820 -0.254153
VN	-0.823488 -0.322423 -0.466809
VN	-0.660937 -0.521847 -0.539294
VN	0.407762 -0.081523 -0.909442
VN	0.407762 -0.081523 -0.909442
VN	0.407762 -0.081523 -0.909442
VN	0.407762 -0.081523 -0.909442
VN	0.407762 -0.081523 -0.909442
VN	0.407762 -0.081523 -0.909442
VN	0.407762 -0.081523 -0.909442
VN	0.407762 -0.081523 -0.909442
VN	0.407762 -0.081523 -0.909442
VN	0.407762 -0.081523 -0.909442
VN	0.407762 -0.081523 -0.909442
VN	0.407762 -0.081523 -0.909442
VN	0.407762 -0.081523 -0.909442
VN	0.407762 -0.081523 -0.909442
VN	0.407762 -0.081523 -0.909442
VN	0.407762 -0.081523 -0.909442
VN	0.407762 -0.081523 -0.909442
VN	0.407762 -0.081523 -0.909442
VN	0.407762 -0.081523 -0.909442
VN	0.407762 -0.081523 -0.909442
VN	0.407762 -0.081523 -0.909442
VN	0.407762 -0.081523 -0.909442
VN	0.407762 -0.081523 -0.909442
VN	0.407762 -0.081523 -0.909442
VN	0.407762 -0.081523 -0.909442
VN	0.407762 -0.081523 -0.909442
VN	0.407762 -0.081523 -0.909442
VN	0.407762 -0.081523 -0.909442
VN	0.407762 -0.081523 -0.909442
VN	0.407762 -0.081523 -0.909442
F	0//0 0//0 0//0 0//0
F	0//0 0//0 0//0 0//0
F	0//0 0//0 0//0 0//0
F	76//1 84//2 80//3 82//4
F	73//5 86//6 80//7 84//8
F	73//9 88//10 85//11 86//12
F	58//13 90//14 85//15 88//16
F	74//17 93//18 91//19 99//20
F	75//21 95//22 91//23 93//24
F	70//25 97//26 91//27 95//28
F	69//29 99//30 91//31 97//32
F	75//33 101//34 94//35 95//36
F	71//37 103//38 94//39 101//40
F	67//41 105//42 94//43 103//44
F	70//45 95//46 94//47 105//48
F	71//49 107//50 102//51 103//52
F	37//53 109//54 102//55 107//56
F	39//57 111//58 102//59 109//60
F	67//61 103//62 102//63 111//64
F	19//65 114//66 112//67 120//68
F	57//69 116//70 112//71 114//72
F	55//73 118//74 112//75 116//76
F	28//77 120//78 112//79 118//80
F	57//81 121//82 115//83 116//84
F	72//85 122//86 115//87 121//88
F	68//89 124//90 115//91 122//92
F	55//93 116//94 115//95 124//96
F	72//97 125//98 98//99 122//100
F	74//101 99//102 98//103 125//104
F	69//105 127//106 98//107 99//108
F	68//109 122//110 98//111 127//112
F	3//113 129//114 108//115 133//116
F	5//117 131//118 108//119 129//120
F	39//121 109//122 108//123 131//124
F	37//125 133//126 108//127 109//128
F	8//129 135//130 134//131 140//132
F	11//133 137//134 134//135 135//136
F	7//137 138//138 134//139 137//140
F	6//141 140//142 134//143 138//144
F	8//145 142//146 119//147 135//148
F	19//149 120//150 119//151 142//152
F	28//153 144//154 119//155 120//156
F	11//157 135//158 119//159 144//160
F	3//161 146//162 128//163 129//164
F	6//165 138//166 128//167 146//168
F	7//169 148//170 128//171 138//172
F	5//173 129//174 128//175 148//176
F	5//177 148//178 147//179 152//180
F	7//181 149//182 147//183 148//184
F	12//185 151//186 147//187 149//188
F	13//189 152//190 147//191 151//192
F	11//193 144//194 143//195 156//196
F	28//197 153//198 143//199 144//200
F	26//201 155//202 143//203 153//204
F	14//205 156//206 143//207 155//208
F	11//209 156//210 136//211 137//212
F	14//213 158//214 136//215 156//216
F	12//217 149//218 136//219 158//220
F	7//221 137//222 136//223 149//224
F	5//225 152//226 130//227 131//228
F	13//229 160//230 130//231 152//232
F	45//233 161//234 130//235 160//236
F	39//237 131//238 130//239 161//240
F	68//241 127//242 126//243 165//244
F	69//245 162//246 126//247 127//248
F	64//249 164//250 126//251 162//252
F	62//253 165//254 126//255 164//256
F	55//257 124//258 123//259 168//260
F	68//261 165//262 123//263 124//264
F	62//265 167//266 123//267 165//268
F	52//269 168//270 123//271 167//272
F	28//273 118//274 117//275 153//276
F	55//277 168//278 117//279 118//280
F	52//281 170//282 117//283 168//284
F	26//285 153//286 117//287 170//288
F	67//289 111//290 110//291 173//292
F	39//293 161//294 110//295 111//296
F	45//297 172//298 110//299 161//300
F	63//301 173//302 110//303 172//304
F	70//305 105//306 104//307 176//308
F	67//309 173//310 104//311 105//312
F	63//313 175//314 104//315 173//316
F	65//317 176//318 104//319 175//320
F	69//321 97//322 96//323 162//324
F	70//325 176//326 96//327 97//328
F	65//329 178//330 96//331 176//332
F	64//333 162//334 96//335 178//336
F	50//337 181//338 179//339 187//340
F	49//341 183//342 179//343 181//344
F	44//345 185//346 179//347 183//348
F	41//349 187//350 179//351 185//352
F	49//353 189//354 182//355 183//356
F	47//357 191//358 182//359 189//360
F	33//361 193//362 182//363 191//364
F	44//365 183//366 182//367 193//368
F	47//369 195//370 190//371 191//372
F	40//373 197//374 190//375 195//376
F	35//377 199//378 190//379 197//380
F	33//381 191//382 190//383 199//384
F	24//385 202//386 200//387 208//388
F	42//389 204//390 200//391 202//392
F	34//393 206//394 200//395 204//396
F	36//397 208//398 200//399 206//400
F	42//401 210//402 203//403 204//404
F	46//405 211//406 203//407 210//408
F	43//409 213//410 203//411 211//412
F	34//413 204//414 203//415 213//416
F	46//417 215//418 186//419 211//420
F	50//421 187//422 186//423 215//424
F	41//425 217//426 186//427 187//428
F	43//429 211//430 186//431 217//432
F	22//433 219//434 196//435 223//436
F	32//437 221//438 196//439 219//440
F	35//441 197//442 196//443 221//444
F	40//445 223//446 196//447 197//448
F	27//449 225//450 224//451 230//452
F	31//453 227//454 224//455 225//456
F	29//457 228//458 224//459 227//460
F	21//461 230//462 224//463 228//464
F	27//465 232//466 207//467 225//468
F	24//469 208//470 207//471 232//472
F	36//473 234//474 207//475 208//476
F	31//477 225//478 207//479 234//480
F	22//481 236//482 218//483 219//484
F	21//485 228//486 218//487 236//488
F	29//489 238//490 218//491 228//492
F	32//493 219//494 218//495 238//496
F	76//497 239//498 92//499 241//500
F	77//501 240//502 92//503 239//504
F	75//505 93//506 92//507 240//508
F	74//509 241//510 92//511 93//512
F	77//513 243//514 100//515 240//516
F	66//517 244//518 100//519 243//520
F	71//521 101//522 100//523 244//524
F	75//525 240//526 100//527 101//528
F	66//529 246//530 106//531 244//532
F	20//533 247//534 106//535 246//536
F	37//537 107//538 106//539 247//540
F	71//541 244//542 106//543 107//544
F	25//545 249//546 113//547 251//548
F	58//549 250//550 113//551 249//552
F	57//553 114//554 113//555 250//556
F	19//557 251//558 113//559 114//560
F	58//561 88//562 87//563 250//564
F	73//565 252//566 87//567 88//568
F	72//569 121//570 87//571 252//572
F	57//573 250//574 87//575 121//576
F	73//577 84//578 83//579 252//580
F	76//581 241//582 83//583 84//584
F	74//585 125//586 83//587 241//588
F	72//589 252//590 83//591 125//592
F	20//593 254//594 132//595 247//596
F	2//597 255//598 132//599 254//600
F	3//601 133//602 132//603 255//604
F	37//605 247//606 132//607 133//608
F	4//609 257//610 139//611 259//612
F	9//613 258//614 139//615 257//616
F	8//617 140//618 139//619 258//620
F	6//621 259//622 139//623 140//624
F	9//625 261//626 141//627 258//628
F	25//629 251//630 141//631 261//632
F	19//633 142//634 141//635 251//636
F	8//637 258//638 141//639 142//640
F	2//641 263//642 145//643 255//644
F	4//645 259//646 145//647 263//648
F	6//649 146//650 145//651 259//652
F	3//653 255//654 145//655 146//656
F	64//657 178//658 177//659 266//660
F	65//661 264//662 177//663 178//664
F	60//665 265//666 177//667 264//668
F	59//669 266//670 177//671 265//672
F	65//673 175//674 174//675 264//676
F	63//677 267//678 174//679 175//680
F	54//681 268//682 174//683 267//684
F	60//685 264//686 174//687 268//688
F	63//689 172//690 171//691 267//692
F	45//693 269//694 171//695 172//696
F	38//697 270//698 171//699 269//700
F	54//701 267//702 171//703 270//704
F	26//705 170//706 169//707 273//708
F	52//709 271//710 169//711 170//712
F	48//713 272//714 169//715 271//716
F	23//717 273//718 169//719 272//720
F	52//721 167//722 166//723 271//724
F	62//725 274//726 166//727 167//728
F	53//729 275//730 166//731 274//732
F	48//733 271//734 166//735 275//736
F	62//737 164//738 163//739 274//740
F	64//741 266//742 163//743 164//744
F	59//745 276//746 163//747 266//748
F	53//749 274//750 163//751 276//752
F	45//753 160//754 159//755 269//756
F	13//757 277//758 159//759 160//760
F	16//761 278//762 159//763 277//764
F	38//765 269//766 159//767 278//768
F	12//769 158//770 157//771 281//772
F	14//773 279//774 157//775 158//776
F	18//777 280//778 157//779 279//780
F	17//781 281//782 157//783 280//784
F	14//785 155//786 154//787 279//788
F	26//789 273//790 154//791 155//792
F	23//793 282//794 154//795 273//796
F	18//797 279//798 154//799 282//800
F	13//801 151//802 150//803 277//804
F	12//805 281//806 150//807 151//808
F	17//809 283//810 150//811 281//812
F	16//813 277//814 150//815 283//816
F	16//817 283//818 235//819 285//820
F	17//821 284//822 235//823 283//824
F	21//825 236//826 235//827 284//828
F	22//829 285//830 235//831 236//832
F	18//833 282//834 231//835 287//836
F	23//837 286//838 231//839 282//840
F	24//841 232//842 231//843 286//844
F	27//845 287//846 231//847 232//848
F	17//849 280//850 229//851 284//852
F	18//853 287//854 229//855 280//856
F	27//857 230//858 229//859 287//860
F	21//861 284//862 229//863 230//864
F	38//865 278//866 222//867 288//868
F	16//869 285//870 222//871 278//872
F	22//873 223//874 222//875 285//876
F	40//877 288//878 222//879 223//880
F	53//881 276//882 214//883 290//884
F	59//885 289//886 214//887 276//888
F	50//889 215//890 214//891 289//892
F	46//893 290//894 214//895 215//896
F	48//897 275//898 209//899 291//900
F	53//901 290//902 209//903 275//904
F	46//905 210//906 209//907 290//908
F	42//909 291//910 209//911 210//912
F	23//913 272//914 201//915 286//916
F	48//917 291//918 201//919 272//920
F	42//921 202//922 201//923 291//924
F	24//925 286//926 201//927 202//928
F	54//929 270//930 194//931 292//932
F	38//933 288//934 194//935 270//936
F	40//937 195//938 194//939 288//940
F	47//941 292//942 194//943 195//944
F	60//945 268//946 188//947 293//948
F	54//949 292//950 188//951 268//952
F	47//953 189//954 188//955 292//956
F	49//957 293//958 188//959 189//960
F	59//961 265//962 180//963 289//964
F	60//965 293//966 180//967 265//968
F	49//969 181//970 180//971 293//972
F	50//973 289//974 180//975 181//976
F	43//977 294//978 212//979 213//980
F	30//981 295//982 212//983 294//984
F	34//985 213//986 212//987 295//988
F	36//989 206//990 205//991 296//992
F	34//993 295//994 205//995 206//996
F	30//997 296//998 205//999 295//1000
F	36//1001 296//1002 233//1003 234//1004
F	30//1005 297//1006 233//1007 296//1008
F	31//1009 234//1010 233//1011 297//1012
F	31//1013 297//1014 226//1015 227//1016
F	30//1017 298//1018 226//1019 297//1020
F	29//1021 227//1022 226//1023 298//1024
F	32//1025 238//1026 237//1027 299//1028
F	29//1029 298//1030 237//1031 238//1032
F	30//1033 299//1034 237//1035 298//1036
F	35//1037 221//1038 220//1039 300//1040
F	32//1041 299//1042 220//1043 221//1044
F	30//1045 300//1046 220//1047 299//1048
F	35//1049 300//1050 198//1051 199//1052
F	30//1053 301//1054 198//1055 300//1056
F	33//1057 199//1058 198//1059 301//1060
F	44//1061 193//1062 192//1063 302//1064
F	33//1065 301//1066 192//1067 193//1068
F	30//1069 302//1070 192//1071 301//1072
F	44//1073 302//1074 184//1075 185//1076
F	30//1077 303//1078 184//1079 302//1080
F	41//1081 185//1082 184//1083 303//1084
F	43//1085 217//1086 216//1087 294//1088
F	41//1089 303//1090 216//1091 217//1092
F	30//1093 294//1094 216//1095 303//1096
F	58//1097 304//1098 89//1099 90//1100
F	61//1101 305//1102 89//1103 304//1104
F	25//1105 307//1106 248//1107 249//1108
F	56//1109 308//1110 248//1111 307//1112
F	61//1113 304//1114 248//1115 308//1116
F	58//1117 249//1118 248//1119 304//1120
F	51//1121 309//1122 306//1123 311//1124
F	56//1125 307//1126 306//1127 309//1128
F	25//1129 311//1130 306//1131 307//1132
F	51//1133 311//1134 310//1135 312//1136
F	25//1137 313//1138 310//1139 311//1140
F	15//1141 312//1142 310//1143 313//1144
F	9//1145 314//1146 260//1147 261//1148
F	10//1149 315//1150 260//1151 314//1152
F	15//1153 313//1154 260//1155 315//1156
F	25//1157 261//1158 260//1159 313//1160
F	20//1161 246//1162 245//1163 318//1164
F	66//1165 317//1166 245//1167 246//1168
F	66//1169 243//1170 242//1171 317//1172
F	77//1173 319//1174 242//1175 243//1176
F	77//1177 239//1178 81//1179 319//1180
F	76//1181 82//1182 81//1183 239//1184
F	2//1185 254//1186 253//1187 320//1188
F	20//1189 318//1190 253//1191 254//1192
F	2//1193 320//1194 262//1195 263//1196
F	4//1197 263//1198 262//1199 321//1200
F	1//1201 322//1202 78//1203 79//1204
F	4//1205 321//1206 78//1207 322//1208
F	4//1209 322//1210 256//1211 257//1212
F	1//1213 316//1214 256//1215 322//1216
F	10//1217 314//1218 256//1219 316//1220
F	9//1221 257//1222 256//1223 314//1224
F	79//1225 78//1226 321//1227 262//1228